rot:
  max: 1.805595941253957
  mean: 1.6148398896402947
  median: 1.5854326015987337
  min: 1.5715848302870412
  num_samples: 930
  rmse: 1.615851316391138
  std: 0.05716299073260408
scale:
  max: 0.1781433871699336
  mean: -0.009655958881217976
  median: -0.021953522807919568
  min: -0.45231940327752584
  num_samples: 930
  rmse: 0.062038819852870845
  std: 0.06128276778035722
trans:
  max: 0.169130514095206
  mean: 0.06270127188992212
  median: 0.050485802191259255
  min: 0.0019993408944549906
  num_samples: 930
  rmse: 0.07314560198709595
  std: 0.037667354478921326
