rot:
  max: 1.7766296809467863e-12
  mean: 9.428783128667136e-13
  median: 9.514971377553501e-13
  min: 6.966077415756092e-14
  num_samples: 930
  rmse: 9.905626137894638e-13
  std: 3.036359316073021e-13
scale:
  max: 0.4382814705032305
  mean: 0.0034884004527256283
  median: -0.0031863985577952336
  min: -0.16531173273922695
  num_samples: 930
  rmse: 0.04093698402083203
  std: 0.04078808310037726
trans:
  max: 0.10834357687927511
  mean: 0.038558623969507724
  median: 0.032394805968874264
  min: 0.0085490679243376
  num_samples: 930
  rmse: 0.044101123405843455
  std: 0.021404242645689145
