rot:
  max: 0.05129729879980446
  mean: 0.037230182842806374
  median: 0.037460985132072765
  min: 0.013126191709128154
  num_samples: 275
  rmse: 0.03780436726421678
  std: 0.006563815181660026
scale:
  max: 0.19468651589383779
  mean: 0.02339291614177408
  median: 0.01435336322907732
  min: -0.07215590556291451
  num_samples: 275
  rmse: 0.05307075411506022
  std: 0.04763692283014414
trans:
  max: 0.17365990632238687
  mean: 0.0874455316700516
  median: 0.08410178902393478
  min: 0.024957496829369406
  num_samples: 275
  rmse: 0.09413986229861424
  std: 0.03486535048646509
