rot:
  max: 0.05494617155991692
  mean: 0.04145716145665282
  median: 0.042831561922980446
  min: 0.02219106719654021
  num_samples: 490
  rmse: 0.04236896270869314
  std: 0.008742583426404917
scale:
  max: 0.022518433455018805
  mean: -0.010366911571262781
  median: -0.0008505607355683287
  min: -0.07221212932427978
  num_samples: 490
  rmse: 0.026723602953374503
  std: 0.02463083634964969
trans:
  max: 0.04772598573480683
  mean: 0.02877441067063356
  median: 0.02794484325397935
  min: 0.0019842560375278795
  num_samples: 490
  rmse: 0.030353471859824573
  std: 0.009662636519236949
