rot:
  max: 1.771367347334679
  mean: 1.166090470928975
  median: 1.0903258868263308
  min: 0.7069758919559199
  num_samples: 568
  rmse: 1.1952692254835564
  std: 0.26249101888769666
scale:
  max: 1815.6789237232554
  mean: 429.12618160122474
  median: 278.8823626482237
  min: 8.525214676415326
  num_samples: 568
  rmse: 601.9378578537139
  std: 422.11361620050906
trans:
  max: 1611.8290945080657
  mean: 481.1861736858584
  median: 450.7100981217387
  min: 14.085423487875909
  num_samples: 568
  rmse: 592.7030677254479
  std: 346.05894403225545
