rot:
  max: 0.036723853658078634
  mean: 0.018192551500862204
  median: 0.018744272249223853
  min: 0.0024872556179204542
  num_samples: 3639
  rmse: 0.019527480589734622
  std: 0.007096024807660894
scale:
  max: 0.03159832875685664
  mean: -0.002201207141055484
  median: -0.005329655801537436
  min: -0.021514397227894833
  num_samples: 3639
  rmse: 0.015076848200304076
  std: 0.014915295463958417
trans:
  max: 0.1854787965784389
  mean: 0.08995057156343388
  median: 0.09689139095800497
  min: 0.023540374727569997
  num_samples: 3639
  rmse: 0.09408855237783918
  std: 0.02759620198449315
