rot:
  max: 0.05937827025399222
  mean: 0.024441931025391144
  median: 0.016602997364963262
  min: 0.0003144861833789175
  num_samples: 2631
  rmse: 0.029350668454894407
  std: 0.01624973065928052
scale:
  max: 0.03658049730057078
  mean: 0.004459054790992661
  median: 0.006031576763630531
  min: -0.020797785724271933
  num_samples: 2631
  rmse: 0.011933158374683773
  std: 0.011068744245225401
trans:
  max: 0.1741055478448557
  mean: 0.10949326109526032
  median: 0.10800768287648262
  min: 0.024946484275911167
  num_samples: 2631
  rmse: 0.11327968879535348
  std: 0.029043306772771664
