rot:
  max: 0.04928156052978365
  mean: 0.03588559417624703
  median: 0.03515877103569397
  min: 0.024936704625007775
  num_samples: 356
  rmse: 0.03640842477285569
  std: 0.0061479691816402095
scale:
  max: 0.17855360449738744
  mean: -0.008187620580099437
  median: -0.015139973695832365
  min: -0.2521417901960552
  num_samples: 356
  rmse: 0.0509025074772218
  std: 0.05023970677367608
trans:
  max: 0.10184784577633017
  mean: 0.04555976974921686
  median: 0.032649528173013836
  min: 0.005099763110785405
  num_samples: 356
  rmse: 0.05250702230247015
  std: 0.026101623924009817
