rot:
  max: 0.044189270839089176
  mean: 0.03442297346867783
  median: 0.03544094692249382
  min: 0.021550540284883984
  num_samples: 92
  rmse: 0.0347408036372491
  std: 0.0046885322795735054
scale:
  max: 0.13817699293764485
  mean: 0.014541929057222281
  median: 0.002118576830155261
  min: -0.09404096066554823
  num_samples: 92
  rmse: 0.04126954313581683
  std: 0.03862262924677397
trans:
  max: 0.11961540779533356
  mean: 0.052894807485531777
  median: 0.04673238914256318
  min: 0.014924266701483568
  num_samples: 92
  rmse: 0.05756081742294637
  std: 0.022702137420654838
