rot:
  max: 1.7584240897863896
  mean: 1.6471596639875348
  median: 1.6429020639986485
  min: 1.572302162841512
  num_samples: 725
  rmse: 1.6481302941291758
  std: 0.05655535128344895
scale:
  max: 0.11009845906947513
  mean: 0.011905753146972998
  median: 0.01574441740330279
  min: -0.050156612381822674
  num_samples: 725
  rmse: 0.03804373689042276
  std: 0.036132796163472536
trans:
  max: 0.13866798920711815
  mean: 0.075755141111207
  median: 0.08070195788399244
  min: 0.011846460499752343
  num_samples: 725
  rmse: 0.08212477042359105
  std: 0.0317117724567494
