rot:
  max: 1.747661442615185
  mean: 1.6363006964284275
  median: 1.6297897566764052
  min: 1.5704467243417788
  num_samples: 725
  rmse: 1.637253392935496
  std: 0.05584535385004965
scale:
  max: 0.09446507005423732
  mean: 0.010715265619980471
  median: 0.012598582155766369
  min: -0.04373605643572154
  num_samples: 725
  rmse: 0.032546927978583697
  std: 0.0307324844998965
trans:
  max: 0.11313776538222264
  mean: 0.07101212881224384
  median: 0.07251487209857485
  min: 0.018124683525950865
  num_samples: 725
  rmse: 0.07435247726999479
  std: 0.02203561748030633
