rot:
  max: 0.07080398254141182
  mean: 0.018535978907013487
  median: 0.016124002052418537
  min: 0.0008805012960557176
  num_samples: 2217
  rmse: 0.020845907463024563
  std: 0.00953778506340619
scale:
  max: 0.05110162436455745
  mean: -0.0028644913006882445
  median: 0.007987680266831054
  min: -0.05097525825645677
  num_samples: 2217
  rmse: 0.025878214172477675
  std: 0.025719188524230423
trans:
  max: 0.38066595298879
  mean: 0.20629469585764404
  median: 0.2136693644074525
  min: 0.0346391665470933
  num_samples: 2217
  rmse: 0.21449505529111978
  std: 0.05874203950615508
