rot:
  max: 0.032983433012685436
  mean: 0.019987719008028565
  median: 0.019161955779162583
  min: 0.014165144377013186
  num_samples: 1050
  rmse: 0.02017371214657974
  std: 0.002733084453351696
scale:
  max: 0.005932967582771953
  mean: 0.0005244334088629745
  median: 0.0004856233497910756
  min: -0.005840474233956838
  num_samples: 1050
  rmse: 0.0034060159775043232
  std: 0.0033653995956918832
trans:
  max: 0.015787430516190533
  mean: 0.006917698349344128
  median: 0.006722263249518273
  min: 0.0012872319818633847
  num_samples: 1050
  rmse: 0.007292979678949002
  std: 0.0023093293712774282
