rot:
  max: 0.015059581570966709
  mean: 0.005074469295997529
  median: 0.004252435397248995
  min: 0.0005839946140680311
  num_samples: 1050
  rmse: 0.005521120304428914
  std: 0.0021754380662192077
scale:
  max: 0.009770647657947329
  mean: 0.005046855173884606
  median: 0.003896575401464042
  min: -0.001285648256151517
  num_samples: 1050
  rmse: 0.005563249531259419
  std: 0.0023407259986791135
trans:
  max: 0.02839658900435524
  mean: 0.015421858237822687
  median: 0.013506545149567235
  min: 0.005901250905642601
  num_samples: 1050
  rmse: 0.016708590803283067
  std: 0.006429875202836839
