rot:
  max: 0.03672385365807796
  mean: 0.018192551500862502
  median: 0.01874427224922454
  min: 0.0024872556179201494
  num_samples: 3639
  rmse: 0.019527480589734872
  std: 0.007096024807660772
scale:
  max: 0.031598328756856864
  mean: -0.0022012071410555745
  median: -0.00532965580153788
  min: -0.02151439722789461
  num_samples: 3639
  rmse: 0.01507684820030404
  std: 0.014915295463958374
trans:
  max: 0.18547879657844007
  mean: 0.0899505715634338
  median: 0.09689139095800714
  min: 0.02354037472756824
  num_samples: 3639
  rmse: 0.09408855237783921
  std: 0.027596201984493657
