rot:
  max: 1.6589793146248788
  mean: 1.5997328154427595
  median: 1.6033587372512845
  min: 1.5341206783089865
  num_samples: 1636
  rmse: 1.5999223915855185
  std: 0.024628810208940793
scale:
  max: 0.00020996189656474762
  mean: -0.13627751933580443
  median: -0.13153394629716142
  min: -0.2743221151594819
  num_samples: 1636
  rmse: 0.1491610831942537
  std: 0.06064211789971167
trans:
  max: 0.6539776338764703
  mean: 0.413524337259412
  median: 0.40925906513076693
  min: 0.1525274286277504
  num_samples: 1636
  rmse: 0.427792419255751
  std: 0.10956266000263208
