rot:
  max: 0.18072366658327962
  mean: 0.1174354850099687
  median: 0.11792384133385982
  min: 0.06352603227210912
  num_samples: 1636
  rmse: 0.11809349974547828
  std: 0.012449158309247045
scale:
  max: 0.03161195678194906
  mean: -0.00015743940390068896
  median: -0.0002890253609104665
  min: -0.014774949891605105
  num_samples: 1636
  rmse: 0.0035674537262724757
  std: 0.003563977963343035
trans:
  max: 0.14487360150412779
  mean: 0.014837610117502053
  median: 0.011740806451467694
  min: 0.00035858169076296236
  num_samples: 1636
  rmse: 0.018696359936184466
  std: 0.011375376954825024
