rot:
  max: 1.6157164236616101e-12
  mean: 9.276959098265971e-13
  median: 9.454410525868053e-13
  min: 8.083047635974383e-14
  num_samples: 527
  rmse: 9.738790428348201e-13
  std: 2.963455566798112e-13
scale:
  max: 0.13397614716023076
  mean: 0.01833369101767134
  median: 0.010406960167006707
  min: -0.03275265826356466
  num_samples: 527
  rmse: 0.0372347587493406
  std: 0.03240837905218577
trans:
  max: 0.17284059885826672
  mean: 0.06495126758641907
  median: 0.06062699573715092
  min: 0.016160733033732243
  num_samples: 527
  rmse: 0.07222849041179158
  std: 0.03159569062520477
