rot:
  max: 1.751999152897913
  mean: 1.611922339450028
  median: 1.6013025342465566
  min: 1.5704174648668094
  num_samples: 527
  rmse: 1.6124184487776334
  std: 0.03999531898132727
scale:
  max: 0.15038014811398215
  mean: 0.015706473834776927
  median: 0.010429229669108198
  min: -0.08312915987334413
  num_samples: 527
  rmse: 0.03839078945296218
  std: 0.03503083491010655
trans:
  max: 0.19545302932295014
  mean: 0.0669232698023976
  median: 0.05987804963611318
  min: 0.013900344556916003
  num_samples: 527
  rmse: 0.07665089936524026
  std: 0.03737159793821623
