rot:
  max: 0.04442505960212448
  mean: 0.03223465131744037
  median: 0.03322075505411631
  min: 0.01560705233005621
  num_samples: 296
  rmse: 0.032978597417418765
  std: 0.006965281190534884
scale:
  max: 0.08878139551855391
  mean: 0.011919690751031487
  median: 0.013682442301071296
  min: -0.10680656419401702
  num_samples: 296
  rmse: 0.031440098173035586
  std: 0.029092967286440386
trans:
  max: 0.20505739224976008
  mean: 0.08832508041881153
  median: 0.08337206003292222
  min: 0.0049471709909467984
  num_samples: 296
  rmse: 0.09845481330006964
  std: 0.04349747614473792
