rot:
  max: 0.04617199911915096
  mean: 0.03338803538009486
  median: 0.03195480148365762
  min: 0.020639424361607255
  num_samples: 1152
  rmse: 0.034064272555448555
  std: 0.006753795835633405
scale:
  max: 0.05010714454572951
  mean: 0.002863858554765333
  median: 0.00880104895819922
  min: -0.06167593355674372
  num_samples: 1152
  rmse: 0.028921130002110274
  std: 0.028778986687811998
trans:
  max: 0.09638896901018543
  mean: 0.05160916177477655
  median: 0.051318630907237886
  min: 0.013819540433876511
  num_samples: 1152
  rmse: 0.05450922989294292
  std: 0.01754282087996812
