rot:
  max: 0.04190097986506215
  mean: 0.029892523297507172
  median: 0.0280470321382722
  min: 0.018038207304399718
  num_samples: 1152
  rmse: 0.03049079597298743
  std: 0.006010465038109583
scale:
  max: 0.07602308401990121
  mean: 0.010026433892846645
  median: 0.027128536439094852
  min: -0.09564606450835533
  num_samples: 1152
  rmse: 0.049003915445265556
  std: 0.04796722164519343
trans:
  max: 0.16013492388945438
  mean: 0.08374896918595393
  median: 0.09134953991577902
  min: 0.0
  num_samples: 1152
  rmse: 0.092700754577735
  std: 0.039743427878978894
