rot:
  max: 1.80857026653495
  mean: 0.023908567328236232
  median: 0.01677572100899705
  min: 0.0007751912628450819
  num_samples: 2565
  rmse: 0.045668827335879465
  std: 0.03891043816953958
scale:
  max: 0.03414360567362662
  mean: 0.0018979237893908144
  median: 0.0029770524641585805
  min: -0.045998476938908905
  num_samples: 2565
  rmse: 0.010034888480232757
  std: 0.009853774510327129
trans:
  max: 0.42284758739621325
  mean: 0.1351849224001351
  median: 0.13246979233271813
  min: 0.009287689704091284
  num_samples: 2565
  rmse: 0.14593396223504843
  std: 0.05497052018391297
