rot:
  max: 0.04546719421619081
  mean: 0.03310244002740239
  median: 0.03311706094017025
  min: 0.018670442060881677
  num_samples: 315
  rmse: 0.033647225519992385
  std: 0.0060302777237416175
scale:
  max: 0.08104815647698405
  mean: 0.01337866460226989
  median: 0.015242582201608013
  min: -0.0856307710451506
  num_samples: 315
  rmse: 0.02637911669320059
  std: 0.022734756013062126
trans:
  max: 0.17958548843526215
  mean: 0.07963814439557376
  median: 0.0739579192850965
  min: 0.013313224138990267
  num_samples: 315
  rmse: 0.08799089512657346
  std: 0.03741875976572972
