rot:
  max: 0.023807166701941097
  mean: 0.012661711513310641
  median: 0.013469188309609264
  min: 0.002452565248656927
  num_samples: 965
  rmse: 0.013962389955955468
  std: 0.005884674573488592
scale:
  max: 0.0009732545139908844
  mean: -8.314576885784677e-06
  median: -2.720982485560075e-05
  min: -0.0009881543787094715
  num_samples: 965
  rmse: 0.00036114277056405625
  std: 0.00036104704477656774
trans:
  max: 0.05669152752281208
  mean: 0.021469475126928532
  median: 0.021223079322711644
  min: 0.0022017771654605617
  num_samples: 965
  rmse: 0.024064341191296423
  std: 0.010869873722602438
