rot:
  max: 0.05541871307137892
  mean: 0.03701259652350399
  median: 0.03854811110819476
  min: 0.026319656290889382
  num_samples: 152
  rmse: 0.03734582181663127
  std: 0.004977761118000013
scale:
  max: 0.12528545546293546
  mean: -0.007632742258855692
  median: -0.01879567384761066
  min: -0.3451532869174382
  num_samples: 152
  rmse: 0.0501730295665923
  std: 0.04958905263765404
trans:
  max: 0.09215266174846069
  mean: 0.03875583283804191
  median: 0.03611760379387689
  min: 0.004533880379473129
  num_samples: 152
  rmse: 0.04438642888489362
  std: 0.021636554489647172
