rot:
  max: 0.0412904015228416
  mean: 0.020613837576995468
  median: 0.021342315286005276
  min: 0.0028197314710080175
  num_samples: 3638
  rmse: 0.0221113437509658
  std: 0.007998826340321678
scale:
  max: 0.010346475946904965
  mean: -0.02428541509189014
  median: -0.024143281016200113
  min: -0.04956946354306424
  num_samples: 3638
  rmse: 0.031045411599455498
  std: 0.01934001538764125
trans:
  max: 0.3054901361488232
  mean: 0.18680839222995846
  median: 0.19687085733719173
  min: 0.015827635934725245
  num_samples: 3638
  rmse: 0.21011171499679482
  std: 0.09617461916406177
