rot:
  max: 0.04949325187569641
  mean: 0.0050199136772543585
  median: 0.0032451242721720994
  min: 0.00042047390642773114
  num_samples: 387
  rmse: 0.007255144619996356
  std: 0.005238090313270352
scale:
  max: 14.36419582340728
  mean: 0.825765098232694
  median: -0.04351471610243518
  min: -0.7922753075563544
  num_samples: 387
  rmse: 2.485976433913289
  std: 2.3448221323829626
trans:
  max: 0.7463614096401288
  mean: 0.4515549227996973
  median: 0.3466661699675929
  min: 0.017693289688466663
  num_samples: 387
  rmse: 0.4884657273868092
  std: 0.18627108881113025
