rot:
  max: 0.023192983155401956
  mean: 0.01306264349897304
  median: 0.013028801973110009
  min: 0.004361071916424571
  num_samples: 1838
  rmse: 0.013780754203800713
  std: 0.004390504668521403
scale:
  max: 0.0014520895144058965
  mean: -7.560185300103793e-06
  median: -7.624655172439043e-05
  min: -0.0008781363951912979
  num_samples: 1838
  rmse: 0.0004547539458008295
  std: 0.0004546910982410494
trans:
  max: 0.06299687176123778
  mean: 0.028775551901826537
  median: 0.02672569514668302
  min: 0.001517345806100633
  num_samples: 1838
  rmse: 0.03213589922168671
  std: 0.014306768731327567
