rot:
  max: 0.054911838666019216
  mean: 0.041429226729759114
  median: 0.04280848602960865
  min: 0.022157514645788832
  num_samples: 490
  rmse: 0.04234211311750099
  std: 0.0087449251471618
scale:
  max: 0.02249971390016081
  mean: -0.010347499135663104
  median: -0.000894018191393231
  min: -0.07226438418793002
  num_samples: 490
  rmse: 0.02669282877462051
  std: 0.024605616627686042
trans:
  max: 0.04767962917361404
  mean: 0.02875142092606659
  median: 0.027869446973163618
  min: 0.0019703077062139507
  num_samples: 490
  rmse: 0.030331389395603262
  std: 0.00966172745423167
