rot:
  max: 1.8085702665349495
  mean: 0.023908567328236326
  median: 0.016775721008997192
  min: 0.000775191262844999
  num_samples: 2565
  rmse: 0.045668827335879486
  std: 0.038910438169539596
scale:
  max: 0.03414360567362662
  mean: 0.0018979237893908864
  median: 0.0029770524641585805
  min: -0.04599847693890868
  num_samples: 2565
  rmse: 0.010034888480232753
  std: 0.009853774510327104
trans:
  max: 0.4228475873962129
  mean: 0.13518492240013513
  median: 0.13246979233271777
  min: 0.009287689704090874
  num_samples: 2565
  rmse: 0.14593396223504848
  std: 0.054970520183913116
