rot:
  max: 0.05937827025399151
  mean: 0.02444193102539061
  median: 0.01660299736496231
  min: 0.00031448618337788606
  num_samples: 2631
  rmse: 0.02935066845489394
  std: 0.01624973065928029
scale:
  max: 0.03658049730057189
  mean: 0.004459054790992592
  median: 0.006031576763630753
  min: -0.020797785724271822
  num_samples: 2631
  rmse: 0.01193315837468374
  std: 0.01106874424522541
trans:
  max: 0.17410554784485918
  mean: 0.10949326109526018
  median: 0.10800768287648083
  min: 0.024946484275907403
  num_samples: 2631
  rmse: 0.1132796887953536
  std: 0.029043306772771983
