rot:
  max: 0.04396892645800575
  mean: 0.034029410973468156
  median: 0.03500542261477049
  min: 0.021065287442667578
  num_samples: 118
  rmse: 0.03441559494779307
  std: 0.00514124152412284
scale:
  max: 0.14148776512361083
  mean: 0.015007179027832397
  median: 0.002820336867088491
  min: -0.09122040333451797
  num_samples: 118
  rmse: 0.04014356170630058
  std: 0.03723291721171133
trans:
  max: 0.14045954989069198
  mean: 0.05907544346630198
  median: 0.05529028824266872
  min: 0.013663008919592677
  num_samples: 118
  rmse: 0.06367293346201734
  std: 0.02375572425581349
