rot:
  max: 1.8543902758057683e-12
  mean: 9.59539278951881e-13
  median: 9.685723921996135e-13
  min: 1.0948872458020155e-13
  num_samples: 1153
  rmse: 1.005030781239252e-12
  std: 2.9895023563610963e-13
scale:
  max: 0.03171522424249851
  mean: -0.001310377808154472
  median: -0.0028056439998459526
  min: -0.030696978508028216
  num_samples: 1153
  rmse: 0.016672387347447023
  std: 0.0166208125512325
trans:
  max: 0.06112640237699979
  mean: 0.03681043925720679
  median: 0.03566655329552311
  min: 0.018574321219090233
  num_samples: 1153
  rmse: 0.03836571783613343
  std: 0.010812949032215741
