rot:
  max: 0.12220767151886397
  mean: 0.030156664360247734
  median: 0.030199833536628553
  min: 0.015209035958814397
  num_samples: 634
  rmse: 0.03084142534448525
  std: 0.006462902748983703
scale:
  max: 0.09186066749164112
  mean: -0.0587640002452562
  median: -0.061843321870183376
  min: -0.4011505264737524
  num_samples: 634
  rmse: 0.08782197787185621
  std: 0.06526478432125803
trans:
  max: 0.3925032552851551
  mean: 0.29416604188452766
  median: 0.31023770664557304
  min: 0.0
  num_samples: 634
  rmse: 0.3003083069776853
  std: 0.06042697280018221
