rot:
  max: 0.12524229356766847
  mean: 0.0332311464404973
  median: 0.033106362097220544
  min: 0.012209282232028027
  num_samples: 634
  rmse: 0.03451782031877881
  std: 0.009336531787003272
scale:
  max: 0.21749715402357817
  mean: 0.007899722894324461
  median: 0.0037316706175427594
  min: -0.10693853564237199
  num_samples: 634
  rmse: 0.03834326409344296
  std: 0.037520664700034276
trans:
  max: 0.2725599777482847
  mean: 0.08649335785112454
  median: 0.08124271865919665
  min: 0.017929327514884477
  num_samples: 634
  rmse: 0.09324514824977406
  std: 0.03483614099982453
