rot:
  max: 1.7209524027716827e-12
  mean: 9.429465988941688e-13
  median: 9.571338145118973e-13
  min: 1.4711533138934e-13
  num_samples: 568
  rmse: 9.93242184223062e-13
  std: 3.120604879732751e-13
scale:
  max: 0.05916222013047889
  mean: 0.0022502682430966246
  median: 0.006245610927231748
  min: -0.05170770809420322
  num_samples: 568
  rmse: 0.026249861988054672
  std: 0.026153232060799454
trans:
  max: 0.1442242461721011
  mean: 0.05673953103515532
  median: 0.055302195650452676
  min: 0.0026535093421604255
  num_samples: 568
  rmse: 0.06344092995744935
  std: 0.028379168623774736
