rot:
  max: 1.902725208911429
  mean: 1.6826072693065304
  median: 1.6373409089401556
  min: 1.5720433624434986
  num_samples: 568
  rmse: 1.6856388520184644
  std: 0.10105007031639424
scale:
  max: 0.0585761789709871
  mean: -0.0034849779894513145
  median: 0.009451660877085044
  min: -0.07320795935852487
  num_samples: 568
  rmse: 0.035311982218182415
  std: 0.03513959329005205
trans:
  max: 0.13886614060452068
  mean: 0.06801988284785943
  median: 0.061191602492187816
  min: 0.003274509753728549
  num_samples: 568
  rmse: 0.07425118623815737
  std: 0.029774724098419553
