rot:
  max: 0.03723727173541078
  mean: 0.03127337645518919
  median: 0.03128526057230706
  min: 0.02606874618126624
  num_samples: 929
  rmse: 0.03144916549884197
  std: 0.0033205324370603564
scale:
  max: 0.49063890348168115
  mean: -0.002876449960879504
  median: -0.0051463029988016995
  min: -0.2801746963534635
  num_samples: 929
  rmse: 0.048763977712004816
  std: 0.0486790669376423
trans:
  max: 0.11285460962612616
  mean: 0.04664045488413164
  median: 0.04157252020589312
  min: 0.010891290202339659
  num_samples: 929
  rmse: 0.0510404568651493
  std: 0.020731526842093607
