rot:
  max: 0.02276031894820639
  mean: 0.012699098872296768
  median: 0.013459298936037846
  min: 0.0028887596890752702
  num_samples: 392
  rmse: 0.01391764509937548
  std: 0.005695062154516073
scale:
  max: 0.001206982599672335
  mean: -7.510162246638148e-06
  median: -6.368869048495318e-05
  min: -0.0011812315352496272
  num_samples: 392
  rmse: 0.000490452113743655
  std: 0.0004903946098181017
trans:
  max: 0.05306663632858486
  mean: 0.022831658673185533
  median: 0.023248378443850345
  min: 0.0007486199899960509
  num_samples: 392
  rmse: 0.025208349023856498
  std: 0.010685327451216399
