rot:
  max: 0.03321391749693738
  mean: 0.019190625526145436
  median: 0.018975695828646492
  min: 0.005300911765549308
  num_samples: 2222
  rmse: 0.02016024478371534
  std: 0.006177002643238622
scale:
  max: 0.04924386722499441
  mean: -0.001970606132207103
  median: -0.004283833678054683
  min: -0.047333974612571494
  num_samples: 2222
  rmse: 0.016454761321120337
  std: 0.01633633623572757
trans:
  max: 0.4179963433950168
  mean: 0.1639709754578871
  median: 0.15346307752681612
  min: 0.03978590668280132
  num_samples: 2222
  rmse: 0.18091584252948242
  std: 0.07644646025514502
