rot:
  max: 0.054216254374656034
  mean: 0.03352330801600485
  median: 0.03181731909045227
  min: 0.019876751866164076
  num_samples: 724
  rmse: 0.0346954022395379
  std: 0.008941966015781773
scale:
  max: 0.09184186717950338
  mean: 0.010898455103043965
  median: 0.009198677417243228
  min: -0.04533225713580824
  num_samples: 724
  rmse: 0.0222624115295117
  std: 0.019412332252366542
trans:
  max: 0.11116493878614257
  mean: 0.05023014621875719
  median: 0.04763323555023867
  min: 0.012995267443204197
  num_samples: 724
  rmse: 0.053016653373104766
  std: 0.01696166105445496
